  5.9000000e+001  5.9000000e+001  5.9000000e+001  5.9000000e+001  5.9000000e+001  5.5000000e+001  5.5000000e+001  5.5000000e+001  5.5000000e+001  5.5000000e+001  5.5000000e+001  5.5000000e+001  5.1000000e+001  5.1000000e+001  5.1000000e+001  5.1000000e+001  5.1000000e+001  5.1000000e+001  5.1000000e+001  5.1000000e+001  4.7000000e+001  4.7000000e+001  4.7000000e+001
  5.9000000e+001  5.9000000e+001  5.9000000e+001  5.9000000e+001  5.9000000e+001  5.5000000e+001  5.5000000e+001  5.5000000e+001  5.5000000e+001  5.5000000e+001  5.5000000e+001  5.1000000e+001  5.5000000e+001  5.1000000e+001  5.1000000e+001  5.1000000e+001  5.1000000e+001  5.1000000e+001  5.1000000e+001  5.1000000e+001  4.7000000e+001  4.7000000e+001  4.7000000e+001
  5.9000000e+001  5.9000000e+001  5.5000000e+001  5.5000000e+001  5.9000000e+001  5.5000000e+001  5.5000000e+001  5.5000000e+001  5.5000000e+001  5.5000000e+001  5.5000000e+001  5.5000000e+001  5.1000000e+001  5.1000000e+001  5.1000000e+001  5.1000000e+001  5.1000000e+001  4.7000000e+001  5.1000000e+001  4.7000000e+001  4.7000000e+001  4.7000000e+001  4.7000000e+001
  5.9000000e+001  5.9000000e+001  5.9000000e+001  5.9000000e+001  5.5000000e+001  5.5000000e+001  5.5000000e+001  5.5000000e+001  5.5000000e+001  5.5000000e+001  5.5000000e+001  5.5000000e+001  5.5000000e+001  5.1000000e+001  5.1000000e+001  5.1000000e+001  5.1000000e+001  5.1000000e+001  5.1000000e+001  4.7000000e+001  4.7000000e+001  4.7000000e+001  4.7000000e+001
  5.9000000e+001  5.9000000e+001  5.9000000e+001  5.9000000e+001  5.5000000e+001  5.5000000e+001  5.5000000e+001  5.5000000e+001  5.5000000e+001  5.5000000e+001  5.5000000e+001  5.5000000e+001  5.5000000e+001  5.1000000e+001  5.1000000e+001  5.1000000e+001  5.1000000e+001  5.1000000e+001  5.1000000e+001  5.1000000e+001  5.1000000e+001  5.1000000e+001  5.1000000e+001
  5.9000000e+001  5.9000000e+001  5.9000000e+001  5.9000000e+001  5.9000000e+001  5.5000000e+001  5.5000000e+001  5.5000000e+001  5.5000000e+001  5.5000000e+001  5.5000000e+001  5.1000000e+001  5.1000000e+001  5.1000000e+001  5.1000000e+001  5.1000000e+001  5.1000000e+001  5.1000000e+001  5.1000000e+001  5.1000000e+001  4.7000000e+001  4.7000000e+001  4.7000000e+001
  5.9000000e+001  5.9000000e+001  5.9000000e+001  5.9000000e+001  5.9000000e+001  5.5000000e+001  5.5000000e+001  5.5000000e+001  5.5000000e+001  5.5000000e+001  5.5000000e+001  5.5000000e+001  5.5000000e+001  5.5000000e+001  5.1000000e+001  5.1000000e+001  5.1000000e+001  5.1000000e+001  5.1000000e+001  4.7000000e+001  5.1000000e+001  4.7000000e+001  4.7000000e+001
  6.3000000e+001  5.9000000e+001  5.9000000e+001  5.5000000e+001  5.9000000e+001  5.5000000e+001  5.5000000e+001  5.5000000e+001  5.5000000e+001  5.5000000e+001  5.5000000e+001  5.1000000e+001  5.5000000e+001  5.5000000e+001  5.5000000e+001  5.1000000e+001  5.1000000e+001  5.1000000e+001  5.1000000e+001  4.7000000e+001  5.1000000e+001  4.7000000e+001  4.7000000e+001
  5.9000000e+001  5.9000000e+001  5.9000000e+001  5.9000000e+001  5.9000000e+001  5.9000000e+001  5.9000000e+001  5.5000000e+001  5.5000000e+001  5.5000000e+001  5.5000000e+001  5.5000000e+001  5.1000000e+001  5.1000000e+001  5.1000000e+001  5.1000000e+001  5.1000000e+001  5.1000000e+001  5.1000000e+001  5.1000000e+001  4.7000000e+001  4.7000000e+001  4.7000000e+001
  5.9000000e+001  5.9000000e+001  5.9000000e+001  5.9000000e+001  5.9000000e+001  5.9000000e+001  5.5000000e+001  5.9000000e+001  5.9000000e+001  5.9000000e+001  5.5000000e+001  5.5000000e+001  5.5000000e+001  5.5000000e+001  5.1000000e+001  5.5000000e+001  5.5000000e+001  5.5000000e+001  5.1000000e+001  5.1000000e+001  4.7000000e+001  4.7000000e+001  4.7000000e+001
  5.9000000e+001  5.9000000e+001  5.9000000e+001  5.9000000e+001  5.9000000e+001  5.9000000e+001  5.5000000e+001  5.5000000e+001  5.5000000e+001  5.5000000e+001  5.5000000e+001  5.5000000e+001  5.1000000e+001  5.5000000e+001  5.5000000e+001  5.1000000e+001  5.1000000e+001  5.1000000e+001  5.1000000e+001  4.7000000e+001  4.7000000e+001  4.7000000e+001  4.3000000e+001
  5.9000000e+001  5.9000000e+001  5.9000000e+001  5.9000000e+001  5.9000000e+001  5.9000000e+001  5.5000000e+001  5.5000000e+001  5.5000000e+001  5.1000000e+001  5.5000000e+001  5.5000000e+001  5.1000000e+001  5.1000000e+001  5.1000000e+001  5.1000000e+001  5.5000000e+001  5.1000000e+001  5.1000000e+001  5.1000000e+001  5.1000000e+001  4.7000000e+001  5.1000000e+001
  5.9000000e+001  5.9000000e+001  5.9000000e+001  5.9000000e+001  5.9000000e+001  5.5000000e+001  5.5000000e+001  5.5000000e+001  5.5000000e+001  5.5000000e+001  5.5000000e+001  5.5000000e+001  5.5000000e+001  5.5000000e+001  5.5000000e+001  5.5000000e+001  5.1000000e+001  5.1000000e+001  5.1000000e+001  4.7000000e+001  4.7000000e+001  4.7000000e+001  4.7000000e+001
  6.3000000e+001  5.9000000e+001  5.9000000e+001  5.9000000e+001  5.9000000e+001  5.9000000e+001  5.9000000e+001  5.5000000e+001  5.9000000e+001  5.9000000e+001  5.5000000e+001  5.5000000e+001  5.5000000e+001  5.5000000e+001  5.1000000e+001  5.5000000e+001  5.5000000e+001  5.1000000e+001  5.1000000e+001  4.7000000e+001  5.1000000e+001  5.1000000e+001  5.1000000e+001
  6.3000000e+001  6.3000000e+001  5.9000000e+001  5.9000000e+001  5.9000000e+001  5.5000000e+001  5.9000000e+001  5.5000000e+001  5.9000000e+001  5.5000000e+001  5.5000000e+001  5.5000000e+001  5.5000000e+001  5.5000000e+001  5.5000000e+001  5.1000000e+001  5.1000000e+001  5.1000000e+001  5.1000000e+001  5.1000000e+001  5.1000000e+001  5.1000000e+001  4.7000000e+001
  6.3000000e+001  5.9000000e+001  5.9000000e+001  5.9000000e+001  5.9000000e+001  5.9000000e+001  5.5000000e+001  5.5000000e+001  5.9000000e+001  5.5000000e+001  5.5000000e+001  5.5000000e+001  5.5000000e+001  5.5000000e+001  5.5000000e+001  5.5000000e+001  5.5000000e+001  5.1000000e+001  5.1000000e+001  5.1000000e+001  5.1000000e+001  5.1000000e+001  5.1000000e+001
  6.3000000e+001  6.3000000e+001  6.3000000e+001  5.9000000e+001  5.9000000e+001  5.9000000e+001  5.5000000e+001  5.9000000e+001  5.9000000e+001  5.9000000e+001  5.9000000e+001  5.9000000e+001  5.5000000e+001  5.5000000e+001  5.5000000e+001  5.1000000e+001  5.1000000e+001  5.1000000e+001  5.1000000e+001  5.1000000e+001  5.1000000e+001  5.1000000e+001  5.1000000e+001
  5.9000000e+001  5.9000000e+001  5.9000000e+001  5.9000000e+001  5.9000000e+001  5.9000000e+001  5.9000000e+001  5.9000000e+001  5.5000000e+001  5.5000000e+001  5.5000000e+001  5.5000000e+001  5.5000000e+001  5.5000000e+001  5.5000000e+001  5.5000000e+001  5.1000000e+001  5.1000000e+001  5.5000000e+001  5.1000000e+001  5.1000000e+001  5.1000000e+001  5.1000000e+001
  6.3000000e+001  5.9000000e+001  6.3000000e+001  5.9000000e+001  5.9000000e+001  5.9000000e+001  5.9000000e+001  5.9000000e+001  5.9000000e+001  5.9000000e+001  5.5000000e+001  5.5000000e+001  5.5000000e+001  5.5000000e+001  5.5000000e+001  5.5000000e+001  5.5000000e+001  5.1000000e+001  5.5000000e+001  5.1000000e+001  5.1000000e+001  5.1000000e+001  5.1000000e+001
  6.3000000e+001  6.3000000e+001  6.3000000e+001  5.9000000e+001  5.9000000e+001  5.9000000e+001  5.9000000e+001  5.9000000e+001  5.9000000e+001  5.9000000e+001  5.5000000e+001  5.5000000e+001  5.5000000e+001  5.5000000e+001  5.5000000e+001  5.5000000e+001  5.5000000e+001  5.1000000e+001  5.5000000e+001  5.1000000e+001  5.1000000e+001  5.1000000e+001  5.1000000e+001
  6.3000000e+001  6.3000000e+001  6.3000000e+001  5.9000000e+001  6.3000000e+001  6.3000000e+001  5.9000000e+001  5.9000000e+001  5.9000000e+001  5.9000000e+001  5.9000000e+001  5.9000000e+001  5.9000000e+001  5.9000000e+001  5.5000000e+001  5.5000000e+001  5.5000000e+001  5.1000000e+001  5.1000000e+001  5.1000000e+001  5.1000000e+001  5.1000000e+001  5.1000000e+001
  6.3000000e+001  6.3000000e+001  5.9000000e+001  5.9000000e+001  5.9000000e+001  5.9000000e+001  5.9000000e+001  5.9000000e+001  5.9000000e+001  5.9000000e+001  5.5000000e+001  5.5000000e+001  5.5000000e+001  5.5000000e+001  5.5000000e+001  5.1000000e+001  5.5000000e+001  5.5000000e+001  5.5000000e+001  5.1000000e+001  5.1000000e+001  5.1000000e+001  5.1000000e+001
  6.3000000e+001  6.3000000e+001  6.3000000e+001  6.3000000e+001  5.9000000e+001  5.9000000e+001  5.9000000e+001  5.9000000e+001  5.9000000e+001  5.9000000e+001  5.9000000e+001  5.9000000e+001  5.5000000e+001  5.5000000e+001  5.5000000e+001  5.5000000e+001  5.5000000e+001  5.1000000e+001  5.5000000e+001  5.1000000e+001  5.1000000e+001  5.1000000e+001  5.1000000e+001
