  8.3000000e+001  8.7000000e+001  8.3000000e+001  8.3000000e+001  8.3000000e+001  8.3000000e+001  8.3000000e+001  7.9000000e+001  7.9000000e+001  7.9000000e+001  7.9000000e+001  7.5000000e+001  7.9000000e+001  7.9000000e+001  7.9000000e+001  7.5000000e+001  7.5000000e+001  7.5000000e+001  7.5000000e+001  7.5000000e+001  7.5000000e+001  7.1000000e+001  7.1000000e+001
  8.3000000e+001  8.3000000e+001  7.9000000e+001  8.3000000e+001  8.3000000e+001  8.3000000e+001  8.3000000e+001  7.9000000e+001  7.9000000e+001  7.9000000e+001  7.9000000e+001  7.9000000e+001  7.9000000e+001  7.5000000e+001  7.5000000e+001  7.5000000e+001  7.5000000e+001  7.5000000e+001  7.5000000e+001  7.5000000e+001  7.1000000e+001  7.1000000e+001  7.1000000e+001
  8.3000000e+001  8.3000000e+001  8.3000000e+001  8.3000000e+001  8.3000000e+001  8.3000000e+001  7.9000000e+001  8.3000000e+001  7.9000000e+001  7.9000000e+001  7.9000000e+001  7.9000000e+001  7.9000000e+001  7.9000000e+001  7.9000000e+001  7.9000000e+001  7.5000000e+001  7.5000000e+001  7.5000000e+001  7.1000000e+001  7.1000000e+001  7.1000000e+001  7.1000000e+001
  8.7000000e+001  8.3000000e+001  8.3000000e+001  8.3000000e+001  8.3000000e+001  8.3000000e+001  8.3000000e+001  7.9000000e+001  7.9000000e+001  7.9000000e+001  7.9000000e+001  7.9000000e+001  7.9000000e+001  7.9000000e+001  7.5000000e+001  7.5000000e+001  7.5000000e+001  7.5000000e+001  7.5000000e+001  7.5000000e+001  7.1000000e+001  7.1000000e+001  7.1000000e+001
  8.7000000e+001  8.7000000e+001  8.3000000e+001  8.3000000e+001  8.3000000e+001  8.3000000e+001  8.3000000e+001  8.3000000e+001  7.9000000e+001  7.9000000e+001  7.9000000e+001  7.9000000e+001  7.9000000e+001  7.9000000e+001  7.5000000e+001  7.9000000e+001  7.5000000e+001  7.5000000e+001  7.5000000e+001  7.5000000e+001  7.5000000e+001  7.5000000e+001  7.1000000e+001
  8.7000000e+001  8.7000000e+001  8.7000000e+001  8.3000000e+001  8.3000000e+001  8.3000000e+001  8.3000000e+001  8.3000000e+001  7.9000000e+001  7.9000000e+001  8.3000000e+001  7.9000000e+001  7.9000000e+001  7.9000000e+001  7.5000000e+001  7.9000000e+001  7.5000000e+001  7.5000000e+001  7.5000000e+001  7.5000000e+001  7.5000000e+001  7.1000000e+001  7.1000000e+001
  8.7000000e+001  8.3000000e+001  8.3000000e+001  8.3000000e+001  8.3000000e+001  8.3000000e+001  8.3000000e+001  8.3000000e+001  8.3000000e+001  7.9000000e+001  7.9000000e+001  7.9000000e+001  7.9000000e+001  7.9000000e+001  7.5000000e+001  7.5000000e+001  7.5000000e+001  7.5000000e+001  7.5000000e+001  7.5000000e+001  7.5000000e+001  7.1000000e+001  7.5000000e+001
  8.7000000e+001  8.3000000e+001  8.3000000e+001  8.3000000e+001  8.3000000e+001  8.3000000e+001  8.3000000e+001  8.3000000e+001  8.3000000e+001  7.9000000e+001  7.9000000e+001  8.3000000e+001  7.9000000e+001  7.9000000e+001  7.5000000e+001  7.9000000e+001  7.5000000e+001  7.5000000e+001  7.5000000e+001  7.5000000e+001  7.1000000e+001  7.1000000e+001  7.1000000e+001
  8.7000000e+001  8.7000000e+001  8.7000000e+001  8.7000000e+001  8.3000000e+001  8.3000000e+001  8.3000000e+001  8.3000000e+001  8.3000000e+001  8.3000000e+001  8.3000000e+001  7.9000000e+001  8.3000000e+001  7.9000000e+001  7.9000000e+001  7.9000000e+001  7.5000000e+001  7.9000000e+001  7.5000000e+001  7.5000000e+001  7.5000000e+001  7.5000000e+001  7.5000000e+001
  9.1000000e+001  8.7000000e+001  8.7000000e+001  8.7000000e+001  8.3000000e+001  8.3000000e+001  8.3000000e+001  8.3000000e+001  8.3000000e+001  8.3000000e+001  8.3000000e+001  7.9000000e+001  7.9000000e+001  7.9000000e+001  7.9000000e+001  7.9000000e+001  7.5000000e+001  7.5000000e+001  7.5000000e+001  7.5000000e+001  7.1000000e+001  7.1000000e+001  7.5000000e+001
  8.7000000e+001  8.7000000e+001  8.7000000e+001  8.7000000e+001  8.3000000e+001  8.3000000e+001  8.3000000e+001  8.3000000e+001  8.3000000e+001  8.3000000e+001  8.3000000e+001  7.9000000e+001  7.9000000e+001  7.9000000e+001  7.9000000e+001  7.9000000e+001  7.9000000e+001  7.5000000e+001  7.5000000e+001  7.5000000e+001  7.5000000e+001  7.5000000e+001  7.5000000e+001
  9.1000000e+001  8.7000000e+001  8.3000000e+001  8.3000000e+001  8.7000000e+001  8.3000000e+001  8.3000000e+001  8.3000000e+001  8.3000000e+001  7.9000000e+001  7.9000000e+001  7.9000000e+001  7.9000000e+001  7.9000000e+001  7.9000000e+001  7.9000000e+001  7.5000000e+001  7.5000000e+001  7.5000000e+001  7.5000000e+001  7.5000000e+001  7.5000000e+001  7.1000000e+001
  8.7000000e+001  8.7000000e+001  8.7000000e+001  8.7000000e+001  8.3000000e+001  8.3000000e+001  8.3000000e+001  8.3000000e+001  8.3000000e+001  8.3000000e+001  8.3000000e+001  7.9000000e+001  7.9000000e+001  7.9000000e+001  7.9000000e+001  7.9000000e+001  7.5000000e+001  7.5000000e+001  7.5000000e+001  7.5000000e+001  7.5000000e+001  7.5000000e+001  7.5000000e+001
  8.7000000e+001  8.7000000e+001  8.3000000e+001  8.7000000e+001  8.3000000e+001  8.7000000e+001  8.3000000e+001  8.3000000e+001  8.3000000e+001  8.3000000e+001  8.3000000e+001  8.3000000e+001  8.3000000e+001  7.9000000e+001  7.9000000e+001  7.9000000e+001  7.5000000e+001  7.5000000e+001  7.5000000e+001  7.5000000e+001  7.5000000e+001  7.5000000e+001  7.5000000e+001
  8.7000000e+001  9.1000000e+001  8.7000000e+001  8.7000000e+001  8.7000000e+001  8.3000000e+001  8.3000000e+001  8.3000000e+001  8.3000000e+001  8.3000000e+001  7.9000000e+001  7.9000000e+001  7.9000000e+001  7.9000000e+001  7.9000000e+001  7.9000000e+001  7.9000000e+001  7.9000000e+001  7.5000000e+001  7.5000000e+001  7.5000000e+001  7.5000000e+001  7.5000000e+001
  8.7000000e+001  8.7000000e+001  8.7000000e+001  8.7000000e+001  8.7000000e+001  8.7000000e+001  8.3000000e+001  8.3000000e+001  8.3000000e+001  8.3000000e+001  8.3000000e+001  8.3000000e+001  7.9000000e+001  7.9000000e+001  7.9000000e+001  7.9000000e+001  7.5000000e+001  7.5000000e+001  7.5000000e+001  7.5000000e+001  7.5000000e+001  7.5000000e+001  7.5000000e+001
  9.1000000e+001  8.7000000e+001  8.7000000e+001  8.7000000e+001  8.3000000e+001  8.7000000e+001  8.3000000e+001  8.3000000e+001  8.3000000e+001  8.3000000e+001  8.3000000e+001  8.3000000e+001  8.3000000e+001  7.9000000e+001  7.9000000e+001  7.9000000e+001  7.5000000e+001  7.9000000e+001  7.5000000e+001  7.5000000e+001  7.5000000e+001  7.5000000e+001  7.1000000e+001
  9.1000000e+001  8.7000000e+001  8.7000000e+001  8.3000000e+001  8.3000000e+001  8.3000000e+001  8.3000000e+001  8.3000000e+001  8.3000000e+001  7.9000000e+001  8.3000000e+001  8.3000000e+001  8.3000000e+001  7.9000000e+001  7.9000000e+001  7.9000000e+001  7.5000000e+001  7.5000000e+001  7.5000000e+001  7.5000000e+001  7.5000000e+001  7.5000000e+001  7.5000000e+001
  9.1000000e+001  8.7000000e+001  8.7000000e+001  8.7000000e+001  8.3000000e+001  8.3000000e+001  8.3000000e+001  8.3000000e+001  8.3000000e+001  8.3000000e+001  8.3000000e+001  7.9000000e+001  8.3000000e+001  7.9000000e+001  7.9000000e+001  7.9000000e+001  7.9000000e+001  7.9000000e+001  7.5000000e+001  7.5000000e+001  7.5000000e+001  7.5000000e+001  7.5000000e+001
  9.1000000e+001  8.7000000e+001  8.7000000e+001  8.7000000e+001  8.7000000e+001  8.7000000e+001  8.7000000e+001  8.3000000e+001  8.3000000e+001  8.3000000e+001  8.3000000e+001  8.3000000e+001  8.3000000e+001  7.9000000e+001  7.9000000e+001  7.9000000e+001  7.9000000e+001  7.5000000e+001  7.5000000e+001  7.5000000e+001  7.5000000e+001  7.5000000e+001  7.5000000e+001
  9.1000000e+001  9.1000000e+001  8.7000000e+001  8.7000000e+001  8.7000000e+001  8.7000000e+001  8.7000000e+001  8.7000000e+001  8.3000000e+001  8.3000000e+001  8.3000000e+001  8.3000000e+001  8.3000000e+001  8.3000000e+001  7.9000000e+001  8.3000000e+001  8.3000000e+001  7.9000000e+001  7.5000000e+001  7.5000000e+001  7.5000000e+001  7.5000000e+001  7.5000000e+001
  9.1000000e+001  8.7000000e+001  8.7000000e+001  9.1000000e+001  8.7000000e+001  8.7000000e+001  8.7000000e+001  8.3000000e+001  8.3000000e+001  8.3000000e+001  8.3000000e+001  8.3000000e+001  8.3000000e+001  7.9000000e+001  7.9000000e+001  8.3000000e+001  7.9000000e+001  7.9000000e+001  7.9000000e+001  7.9000000e+001  7.9000000e+001  7.5000000e+001  7.5000000e+001
  9.1000000e+001  9.1000000e+001  8.7000000e+001  8.7000000e+001  8.7000000e+001  8.7000000e+001  8.7000000e+001  8.3000000e+001  8.3000000e+001  8.3000000e+001  8.3000000e+001  8.3000000e+001  7.9000000e+001  7.9000000e+001  7.9000000e+001  7.9000000e+001  7.9000000e+001  7.5000000e+001  7.9000000e+001  7.9000000e+001  7.5000000e+001  7.5000000e+001  7.5000000e+001
