  1.6300000e+002  1.6300000e+002  1.5900000e+002  1.5900000e+002  1.5900000e+002  1.5500000e+002  1.5500000e+002  1.5500000e+002  1.5500000e+002  1.5100000e+002  1.5100000e+002  1.5100000e+002  1.5100000e+002  1.5100000e+002  1.4700000e+002  1.5100000e+002  1.4700000e+002  1.4700000e+002  1.4300000e+002  1.4300000e+002  1.3900000e+002  1.3900000e+002  1.3900000e+002
  1.6300000e+002  1.6300000e+002  1.5900000e+002  1.5900000e+002  1.5900000e+002  1.5900000e+002  1.5500000e+002  1.5500000e+002  1.5500000e+002  1.5100000e+002  1.5100000e+002  1.5100000e+002  1.5100000e+002  1.4700000e+002  1.4700000e+002  1.4700000e+002  1.4700000e+002  1.4300000e+002  1.4300000e+002  1.4300000e+002  1.3900000e+002  1.3900000e+002  1.3900000e+002
  1.6300000e+002  1.6300000e+002  1.5900000e+002  1.5900000e+002  1.5500000e+002  1.5500000e+002  1.5500000e+002  1.5500000e+002  1.5500000e+002  1.5100000e+002  1.5100000e+002  1.5100000e+002  1.5100000e+002  1.5100000e+002  1.5100000e+002  1.4700000e+002  1.4700000e+002  1.4700000e+002  1.4300000e+002  1.4300000e+002  1.4300000e+002  1.3900000e+002  1.3900000e+002
  1.6300000e+002  1.6300000e+002  1.6300000e+002  1.5900000e+002  1.5900000e+002  1.5900000e+002  1.5500000e+002  1.5500000e+002  1.5500000e+002  1.5100000e+002  1.5500000e+002  1.5100000e+002  1.5100000e+002  1.5100000e+002  1.4700000e+002  1.4700000e+002  1.4300000e+002  1.4700000e+002  1.4300000e+002  1.4300000e+002  1.4300000e+002  1.3900000e+002  1.3900000e+002
  1.6300000e+002  1.6300000e+002  1.5900000e+002  1.5900000e+002  1.5900000e+002  1.5900000e+002  1.5500000e+002  1.5500000e+002  1.5500000e+002  1.5500000e+002  1.5500000e+002  1.5100000e+002  1.5100000e+002  1.5100000e+002  1.4700000e+002  1.4700000e+002  1.4700000e+002  1.4300000e+002  1.4300000e+002  1.4300000e+002  1.4300000e+002  1.3900000e+002  1.3900000e+002
  1.6300000e+002  1.6300000e+002  1.6300000e+002  1.5900000e+002  1.5900000e+002  1.5900000e+002  1.5500000e+002  1.5900000e+002  1.5500000e+002  1.5100000e+002  1.5500000e+002  1.5100000e+002  1.5100000e+002  1.5100000e+002  1.4700000e+002  1.5100000e+002  1.4700000e+002  1.4700000e+002  1.4300000e+002  1.4300000e+002  1.4300000e+002  1.3900000e+002  1.3900000e+002
  1.6300000e+002  1.6300000e+002  1.6300000e+002  1.5900000e+002  1.5900000e+002  1.5900000e+002  1.5500000e+002  1.5500000e+002  1.5500000e+002  1.5500000e+002  1.5500000e+002  1.5100000e+002  1.5100000e+002  1.5100000e+002  1.4700000e+002  1.4700000e+002  1.4300000e+002  1.4300000e+002  1.4700000e+002  1.4300000e+002  1.4300000e+002  1.3900000e+002  1.3900000e+002
  1.6700000e+002  1.6300000e+002  1.6300000e+002  1.6300000e+002  1.5900000e+002  1.5900000e+002  1.5900000e+002  1.5500000e+002  1.5500000e+002  1.5100000e+002  1.5500000e+002  1.5100000e+002  1.5100000e+002  1.4700000e+002  1.4700000e+002  1.4700000e+002  1.4700000e+002  1.4300000e+002  1.4700000e+002  1.4300000e+002  1.4300000e+002  1.3900000e+002  1.3900000e+002
  1.6700000e+002  1.6300000e+002  1.6300000e+002  1.6300000e+002  1.5900000e+002  1.5900000e+002  1.5500000e+002  1.5500000e+002  1.5500000e+002  1.5500000e+002  1.5100000e+002  1.5100000e+002  1.5100000e+002  1.5100000e+002  1.4700000e+002  1.4700000e+002  1.4700000e+002  1.4300000e+002  1.4300000e+002  1.4300000e+002  1.4300000e+002  1.3900000e+002  1.3900000e+002
  1.6700000e+002  1.6300000e+002  1.6300000e+002  1.6300000e+002  1.5900000e+002  1.5900000e+002  1.5900000e+002  1.5500000e+002  1.5500000e+002  1.5500000e+002  1.5500000e+002  1.5100000e+002  1.5100000e+002  1.5100000e+002  1.4700000e+002  1.4700000e+002  1.4700000e+002  1.4300000e+002  1.4300000e+002  1.4300000e+002  1.3900000e+002  1.3900000e+002  1.3900000e+002
  1.6700000e+002  1.6300000e+002  1.6300000e+002  1.6300000e+002  1.5900000e+002  1.6300000e+002  1.5900000e+002  1.5900000e+002  1.5500000e+002  1.5500000e+002  1.5500000e+002  1.5500000e+002  1.5100000e+002  1.5100000e+002  1.5100000e+002  1.4700000e+002  1.4700000e+002  1.4700000e+002  1.4300000e+002  1.4300000e+002  1.4300000e+002  1.3900000e+002  1.3900000e+002
  1.6700000e+002  1.6700000e+002  1.6300000e+002  1.6300000e+002  1.6300000e+002  1.5900000e+002  1.5900000e+002  1.5900000e+002  1.5500000e+002  1.5500000e+002  1.5500000e+002  1.5100000e+002  1.5100000e+002  1.5100000e+002  1.5100000e+002  1.4700000e+002  1.4700000e+002  1.4700000e+002  1.4300000e+002  1.4300000e+002  1.4300000e+002  1.4300000e+002  1.3900000e+002
  1.7100000e+002  1.6700000e+002  1.6300000e+002  1.6300000e+002  1.6300000e+002  1.5900000e+002  1.5900000e+002  1.5900000e+002  1.5900000e+002  1.5500000e+002  1.5100000e+002  1.5100000e+002  1.5100000e+002  1.5100000e+002  1.4700000e+002  1.4700000e+002  1.4700000e+002  1.4700000e+002  1.4300000e+002  1.4300000e+002  1.4300000e+002  1.4300000e+002  1.4300000e+002
  1.6700000e+002  1.6700000e+002  1.6300000e+002  1.6300000e+002  1.6300000e+002  1.5900000e+002  1.5900000e+002  1.5900000e+002  1.5900000e+002  1.5500000e+002  1.5500000e+002  1.5500000e+002  1.5100000e+002  1.5100000e+002  1.5100000e+002  1.4700000e+002  1.4700000e+002  1.4700000e+002  1.4700000e+002  1.4300000e+002  1.4300000e+002  1.4300000e+002  1.3900000e+002
  1.7100000e+002  1.6700000e+002  1.6300000e+002  1.6300000e+002  1.5900000e+002  1.5900000e+002  1.5900000e+002  1.5900000e+002  1.5500000e+002  1.5500000e+002  1.5500000e+002  1.5100000e+002  1.5100000e+002  1.5100000e+002  1.5100000e+002  1.5100000e+002  1.4700000e+002  1.4700000e+002  1.4300000e+002  1.4700000e+002  1.4300000e+002  1.4300000e+002  1.4300000e+002
  1.6700000e+002  1.6700000e+002  1.6300000e+002  1.6300000e+002  1.6300000e+002  1.6300000e+002  1.5900000e+002  1.5500000e+002  1.5500000e+002  1.5500000e+002  1.5500000e+002  1.5100000e+002  1.5100000e+002  1.5100000e+002  1.5100000e+002  1.5100000e+002  1.4700000e+002  1.4700000e+002  1.4700000e+002  1.4700000e+002  1.4300000e+002  1.3900000e+002  1.4300000e+002
  1.7100000e+002  1.6700000e+002  1.6300000e+002  1.6300000e+002  1.5900000e+002  1.5900000e+002  1.5900000e+002  1.5500000e+002  1.5500000e+002  1.5500000e+002  1.5500000e+002  1.5100000e+002  1.5100000e+002  1.5100000e+002  1.4700000e+002  1.4700000e+002  1.4700000e+002  1.4700000e+002  1.4700000e+002  1.4300000e+002  1.4300000e+002  1.4300000e+002  1.4300000e+002
  1.7100000e+002  1.6700000e+002  1.6700000e+002  1.6300000e+002  1.6300000e+002  1.5900000e+002  1.5900000e+002  1.5900000e+002  1.5500000e+002  1.5500000e+002  1.5500000e+002  1.5500000e+002  1.5100000e+002  1.5100000e+002  1.5100000e+002  1.5100000e+002  1.4700000e+002  1.4700000e+002  1.4700000e+002  1.4300000e+002  1.4300000e+002  1.4300000e+002  1.3900000e+002
  1.6700000e+002  1.6700000e+002  1.6300000e+002  1.6300000e+002  1.6300000e+002  1.5900000e+002  1.5900000e+002  1.5900000e+002  1.5500000e+002  1.5500000e+002  1.5500000e+002  1.5500000e+002  1.5500000e+002  1.5100000e+002  1.5100000e+002  1.5100000e+002  1.4700000e+002  1.5100000e+002  1.4700000e+002  1.4700000e+002  1.4300000e+002  1.4300000e+002  1.3900000e+002
  1.7100000e+002  1.6700000e+002  1.6300000e+002  1.6300000e+002  1.6300000e+002  1.6300000e+002  1.5900000e+002  1.5900000e+002  1.5900000e+002  1.5900000e+002  1.5500000e+002  1.5500000e+002  1.5500000e+002  1.5100000e+002  1.5100000e+002  1.5100000e+002  1.4700000e+002  1.5100000e+002  1.4700000e+002  1.4700000e+002  1.4300000e+002  1.3900000e+002  1.4300000e+002
  1.6700000e+002  1.6300000e+002  1.6300000e+002  1.6300000e+002  1.6300000e+002  1.6300000e+002  1.5900000e+002  1.5900000e+002  1.5900000e+002  1.5500000e+002  1.5500000e+002  1.5500000e+002  1.5500000e+002  1.5100000e+002  1.5100000e+002  1.4700000e+002  1.4700000e+002  1.4700000e+002  1.4300000e+002  1.4700000e+002  1.4300000e+002  1.3900000e+002  1.4300000e+002
  1.6700000e+002  1.6700000e+002  1.6300000e+002  1.6300000e+002  1.6300000e+002  1.6300000e+002  1.5900000e+002  1.5900000e+002  1.5900000e+002  1.5900000e+002  1.5900000e+002  1.5500000e+002  1.5500000e+002  1.5100000e+002  1.5100000e+002  1.5100000e+002  1.4700000e+002  1.4700000e+002  1.4700000e+002  1.4700000e+002  1.4700000e+002  1.4300000e+002  1.4300000e+002
  1.6700000e+002  1.6700000e+002  1.6700000e+002  1.6700000e+002  1.6300000e+002  1.6300000e+002  1.6300000e+002  1.5900000e+002  1.5900000e+002  1.5900000e+002  1.5500000e+002  1.5500000e+002  1.5100000e+002  1.5100000e+002  1.5100000e+002  1.5100000e+002  1.4700000e+002  1.4700000e+002  1.4700000e+002  1.4700000e+002  1.4300000e+002  1.4300000e+002  1.4300000e+002
