  3.1000000e+001  3.1000000e+001  3.5000000e+001  3.1000000e+001  3.1000000e+001  3.1000000e+001  2.7000000e+001  3.1000000e+001  2.7000000e+001  3.1000000e+001  3.1000000e+001  2.7000000e+001  3.1000000e+001  2.7000000e+001  2.7000000e+001  2.7000000e+001  2.7000000e+001  2.7000000e+001  2.7000000e+001  2.7000000e+001  2.7000000e+001  2.7000000e+001  2.7000000e+001
  3.5000000e+001  3.1000000e+001  3.1000000e+001  3.5000000e+001  3.1000000e+001  3.1000000e+001  3.1000000e+001  3.1000000e+001  3.1000000e+001  3.1000000e+001  3.1000000e+001  3.1000000e+001  3.1000000e+001  3.1000000e+001  3.1000000e+001  3.1000000e+001  3.1000000e+001  2.7000000e+001  2.7000000e+001  2.7000000e+001  3.1000000e+001  2.7000000e+001  2.7000000e+001
  3.1000000e+001  3.1000000e+001  3.1000000e+001  3.1000000e+001  3.1000000e+001  3.1000000e+001  3.1000000e+001  3.1000000e+001  2.7000000e+001  3.1000000e+001  3.1000000e+001  2.7000000e+001  2.7000000e+001  3.1000000e+001  3.1000000e+001  3.1000000e+001  3.1000000e+001  2.7000000e+001  2.7000000e+001  2.7000000e+001  2.7000000e+001  2.7000000e+001  2.7000000e+001
  3.1000000e+001  3.1000000e+001  3.1000000e+001  3.1000000e+001  3.1000000e+001  3.1000000e+001  3.1000000e+001  3.1000000e+001  3.1000000e+001  3.1000000e+001  3.1000000e+001  3.1000000e+001  3.1000000e+001  3.1000000e+001  3.1000000e+001  3.1000000e+001  3.1000000e+001  3.1000000e+001  2.7000000e+001  2.7000000e+001  2.7000000e+001  3.1000000e+001  2.7000000e+001
  3.1000000e+001  3.1000000e+001  3.1000000e+001  3.1000000e+001  3.1000000e+001  3.1000000e+001  3.1000000e+001  3.1000000e+001  3.1000000e+001  3.1000000e+001  3.1000000e+001  3.1000000e+001  2.7000000e+001  2.7000000e+001  2.7000000e+001  2.7000000e+001  3.1000000e+001  3.1000000e+001  2.7000000e+001  2.7000000e+001  2.7000000e+001  2.7000000e+001  2.7000000e+001
  3.1000000e+001  3.1000000e+001  3.1000000e+001  3.1000000e+001  3.1000000e+001  3.1000000e+001  3.1000000e+001  3.1000000e+001  2.7000000e+001  2.7000000e+001  2.7000000e+001  2.7000000e+001  3.1000000e+001  3.1000000e+001  3.1000000e+001  2.7000000e+001  3.1000000e+001  2.7000000e+001  2.7000000e+001  2.7000000e+001  2.7000000e+001  2.7000000e+001  2.7000000e+001
  3.1000000e+001  3.1000000e+001  3.1000000e+001  3.1000000e+001  3.1000000e+001  3.1000000e+001  3.1000000e+001  3.1000000e+001  3.1000000e+001  3.1000000e+001  3.1000000e+001  2.7000000e+001  3.1000000e+001  3.1000000e+001  3.1000000e+001  2.7000000e+001  3.1000000e+001  3.1000000e+001  3.1000000e+001  2.7000000e+001  2.7000000e+001  2.7000000e+001  2.7000000e+001
  3.1000000e+001  3.1000000e+001  3.1000000e+001  3.1000000e+001  3.1000000e+001  3.1000000e+001  3.1000000e+001  3.1000000e+001  3.1000000e+001  3.1000000e+001  3.1000000e+001  3.1000000e+001  3.1000000e+001  3.1000000e+001  3.1000000e+001  3.1000000e+001  3.1000000e+001  3.1000000e+001  3.1000000e+001  3.1000000e+001  3.1000000e+001  2.7000000e+001  2.7000000e+001
  3.1000000e+001  3.1000000e+001  3.1000000e+001  3.1000000e+001  3.1000000e+001  3.1000000e+001  3.1000000e+001  3.1000000e+001  3.1000000e+001  3.1000000e+001  3.1000000e+001  3.1000000e+001  3.1000000e+001  2.7000000e+001  2.7000000e+001  2.7000000e+001  3.1000000e+001  2.7000000e+001  3.1000000e+001  3.1000000e+001  2.7000000e+001  2.7000000e+001  2.7000000e+001
  3.1000000e+001  3.1000000e+001  3.1000000e+001  3.1000000e+001  3.1000000e+001  3.1000000e+001  3.1000000e+001  3.1000000e+001  3.1000000e+001  3.1000000e+001  3.1000000e+001  3.1000000e+001  3.1000000e+001  3.1000000e+001  3.1000000e+001  3.1000000e+001  3.1000000e+001  3.1000000e+001  2.7000000e+001  2.7000000e+001  3.1000000e+001  2.7000000e+001  3.1000000e+001
  3.1000000e+001  3.1000000e+001  3.1000000e+001  3.1000000e+001  3.1000000e+001  3.1000000e+001  3.1000000e+001  3.1000000e+001  3.1000000e+001  3.1000000e+001  3.1000000e+001  3.1000000e+001  3.1000000e+001  3.1000000e+001  3.1000000e+001  2.7000000e+001  2.7000000e+001  3.1000000e+001  2.7000000e+001  3.1000000e+001  2.7000000e+001  2.7000000e+001  2.7000000e+001
  3.1000000e+001  3.1000000e+001  3.1000000e+001  3.1000000e+001  3.1000000e+001  3.1000000e+001  3.1000000e+001  3.1000000e+001  3.1000000e+001  3.1000000e+001  3.1000000e+001  3.1000000e+001  3.1000000e+001  2.7000000e+001  2.7000000e+001  2.7000000e+001  3.1000000e+001  3.1000000e+001  2.7000000e+001  2.7000000e+001  2.7000000e+001  3.1000000e+001  3.1000000e+001
  3.1000000e+001  3.1000000e+001  3.1000000e+001  3.1000000e+001  3.1000000e+001  3.1000000e+001  3.1000000e+001  3.1000000e+001  3.1000000e+001  3.1000000e+001  3.1000000e+001  3.1000000e+001  3.1000000e+001  3.1000000e+001  3.1000000e+001  2.7000000e+001  2.7000000e+001  3.1000000e+001  3.1000000e+001  2.7000000e+001  3.1000000e+001  3.1000000e+001  2.7000000e+001
  3.5000000e+001  3.1000000e+001  3.1000000e+001  3.1000000e+001  3.1000000e+001  3.1000000e+001  3.1000000e+001  3.1000000e+001  3.1000000e+001  3.1000000e+001  3.1000000e+001  3.1000000e+001  3.1000000e+001  3.1000000e+001  3.1000000e+001  3.1000000e+001  3.1000000e+001  3.1000000e+001  3.1000000e+001  2.7000000e+001  2.7000000e+001  2.7000000e+001  2.7000000e+001
  3.1000000e+001  3.1000000e+001  3.5000000e+001  3.1000000e+001  3.1000000e+001  3.1000000e+001  3.1000000e+001  3.1000000e+001  3.1000000e+001  3.1000000e+001  3.1000000e+001  3.1000000e+001  3.1000000e+001  3.1000000e+001  3.1000000e+001  3.1000000e+001  3.1000000e+001  2.7000000e+001  2.7000000e+001  2.7000000e+001  2.7000000e+001  2.7000000e+001  2.7000000e+001
  3.1000000e+001  3.1000000e+001  3.5000000e+001  3.1000000e+001  3.5000000e+001  3.1000000e+001  3.1000000e+001  3.1000000e+001  3.1000000e+001  3.1000000e+001  3.1000000e+001  3.1000000e+001  3.1000000e+001  3.1000000e+001  3.1000000e+001  3.1000000e+001  3.1000000e+001  3.1000000e+001  2.7000000e+001  2.7000000e+001  2.7000000e+001  2.7000000e+001  3.1000000e+001
  3.5000000e+001  3.1000000e+001  3.1000000e+001  3.1000000e+001  3.1000000e+001  3.1000000e+001  3.1000000e+001  3.1000000e+001  3.1000000e+001  3.1000000e+001  3.1000000e+001  2.7000000e+001  3.1000000e+001  3.1000000e+001  3.1000000e+001  3.1000000e+001  3.1000000e+001  2.7000000e+001  2.7000000e+001  3.1000000e+001  3.1000000e+001  2.7000000e+001  2.7000000e+001
  3.1000000e+001  3.1000000e+001  3.5000000e+001  3.1000000e+001  3.1000000e+001  3.1000000e+001  3.1000000e+001  3.1000000e+001  3.1000000e+001  3.1000000e+001  3.1000000e+001  3.1000000e+001  3.1000000e+001  3.1000000e+001  3.1000000e+001  3.1000000e+001  3.1000000e+001  3.1000000e+001  2.7000000e+001  3.1000000e+001  3.1000000e+001  3.1000000e+001  3.1000000e+001
  3.5000000e+001  3.1000000e+001  3.5000000e+001  3.1000000e+001  3.1000000e+001  3.1000000e+001  3.1000000e+001  3.1000000e+001  3.1000000e+001  3.1000000e+001  3.1000000e+001  3.1000000e+001  3.1000000e+001  3.1000000e+001  3.1000000e+001  3.1000000e+001  2.7000000e+001  3.1000000e+001  2.7000000e+001  2.7000000e+001  3.1000000e+001  2.7000000e+001  2.7000000e+001
  3.5000000e+001  3.1000000e+001  3.1000000e+001  3.5000000e+001  3.1000000e+001  3.1000000e+001  3.5000000e+001  3.1000000e+001  3.5000000e+001  3.1000000e+001  3.1000000e+001  3.1000000e+001  3.1000000e+001  3.1000000e+001  3.1000000e+001  3.1000000e+001  3.1000000e+001  3.1000000e+001  3.1000000e+001  3.1000000e+001  3.1000000e+001  3.1000000e+001  3.1000000e+001
  3.5000000e+001  3.1000000e+001  3.1000000e+001  3.1000000e+001  3.1000000e+001  3.1000000e+001  3.1000000e+001  3.1000000e+001  3.1000000e+001  3.1000000e+001  3.1000000e+001  2.7000000e+001  3.1000000e+001  3.1000000e+001  3.1000000e+001  3.1000000e+001  3.1000000e+001  3.1000000e+001  2.7000000e+001  2.7000000e+001  2.7000000e+001  2.7000000e+001  2.7000000e+001
  3.1000000e+001  3.5000000e+001  3.1000000e+001  3.1000000e+001  3.1000000e+001  3.5000000e+001  3.1000000e+001  3.1000000e+001  3.1000000e+001  3.1000000e+001  3.1000000e+001  3.1000000e+001  3.1000000e+001  3.1000000e+001  3.1000000e+001  3.1000000e+001  3.1000000e+001  3.1000000e+001  3.1000000e+001  3.1000000e+001  2.7000000e+001  3.1000000e+001  3.1000000e+001
  3.1000000e+001  3.1000000e+001  3.5000000e+001  3.5000000e+001  3.1000000e+001  3.1000000e+001  3.1000000e+001  3.1000000e+001  3.1000000e+001  3.1000000e+001  3.1000000e+001  3.1000000e+001  3.1000000e+001  3.1000000e+001  3.1000000e+001  3.1000000e+001  3.1000000e+001  3.1000000e+001  3.1000000e+001  3.1000000e+001  3.1000000e+001  2.7000000e+001  3.1000000e+001
