  4.3000000e+001  3.9000000e+001  3.9000000e+001  3.9000000e+001  3.9000000e+001  3.9000000e+001  3.9000000e+001  3.9000000e+001  3.5000000e+001  3.9000000e+001  3.9000000e+001  3.9000000e+001  3.9000000e+001  3.5000000e+001  3.9000000e+001  3.5000000e+001  3.9000000e+001  3.9000000e+001  3.5000000e+001  3.5000000e+001  3.5000000e+001  3.5000000e+001  3.5000000e+001
  3.9000000e+001  4.3000000e+001  4.3000000e+001  4.3000000e+001  3.9000000e+001  4.3000000e+001  3.9000000e+001  3.9000000e+001  3.9000000e+001  3.9000000e+001  3.9000000e+001  3.9000000e+001  3.9000000e+001  3.5000000e+001  3.9000000e+001  3.9000000e+001  3.5000000e+001  3.9000000e+001  3.5000000e+001  3.5000000e+001  3.5000000e+001  3.1000000e+001  3.5000000e+001
  4.3000000e+001  4.3000000e+001  4.3000000e+001  4.3000000e+001  3.9000000e+001  3.9000000e+001  3.9000000e+001  3.9000000e+001  3.9000000e+001  3.9000000e+001  3.9000000e+001  3.9000000e+001  3.9000000e+001  3.5000000e+001  3.9000000e+001  3.9000000e+001  3.5000000e+001  3.5000000e+001  3.5000000e+001  3.5000000e+001  3.5000000e+001  3.5000000e+001  3.5000000e+001
  4.3000000e+001  4.3000000e+001  3.9000000e+001  3.9000000e+001  3.9000000e+001  3.9000000e+001  3.9000000e+001  3.9000000e+001  3.9000000e+001  3.9000000e+001  3.9000000e+001  3.9000000e+001  3.9000000e+001  3.9000000e+001  3.9000000e+001  3.9000000e+001  3.9000000e+001  3.9000000e+001  3.5000000e+001  3.5000000e+001  3.5000000e+001  3.5000000e+001  3.5000000e+001
  4.3000000e+001  4.3000000e+001  3.9000000e+001  3.9000000e+001  3.9000000e+001  4.3000000e+001  4.3000000e+001  3.9000000e+001  3.9000000e+001  3.9000000e+001  3.9000000e+001  3.9000000e+001  3.9000000e+001  3.9000000e+001  3.5000000e+001  3.9000000e+001  3.5000000e+001  3.5000000e+001  3.5000000e+001  3.5000000e+001  3.5000000e+001  3.5000000e+001  3.5000000e+001
  4.3000000e+001  4.3000000e+001  4.3000000e+001  4.3000000e+001  3.9000000e+001  3.9000000e+001  3.9000000e+001  3.9000000e+001  3.9000000e+001  3.9000000e+001  3.9000000e+001  3.9000000e+001  3.9000000e+001  3.9000000e+001  3.9000000e+001  3.9000000e+001  3.9000000e+001  3.5000000e+001  3.5000000e+001  3.5000000e+001  3.5000000e+001  3.5000000e+001  3.5000000e+001
  4.3000000e+001  4.3000000e+001  3.9000000e+001  3.9000000e+001  4.3000000e+001  4.3000000e+001  3.9000000e+001  4.3000000e+001  4.3000000e+001  3.9000000e+001  3.9000000e+001  3.9000000e+001  3.9000000e+001  3.9000000e+001  3.9000000e+001  3.9000000e+001  3.9000000e+001  3.9000000e+001  3.5000000e+001  3.5000000e+001  3.5000000e+001  3.5000000e+001  3.5000000e+001
  4.3000000e+001  4.3000000e+001  3.9000000e+001  4.3000000e+001  3.9000000e+001  4.3000000e+001  3.9000000e+001  4.3000000e+001  3.9000000e+001  3.9000000e+001  3.9000000e+001  3.9000000e+001  3.9000000e+001  3.9000000e+001  3.9000000e+001  3.9000000e+001  3.5000000e+001  3.5000000e+001  3.5000000e+001  3.5000000e+001  3.5000000e+001  3.5000000e+001  3.5000000e+001
  4.3000000e+001  4.3000000e+001  3.9000000e+001  4.3000000e+001  3.9000000e+001  4.3000000e+001  3.9000000e+001  4.3000000e+001  3.9000000e+001  4.3000000e+001  3.9000000e+001  3.9000000e+001  3.9000000e+001  3.9000000e+001  3.9000000e+001  3.9000000e+001  3.9000000e+001  3.9000000e+001  3.5000000e+001  3.5000000e+001  3.5000000e+001  3.5000000e+001  3.5000000e+001
  4.3000000e+001  4.3000000e+001  4.3000000e+001  4.3000000e+001  4.3000000e+001  4.3000000e+001  3.9000000e+001  4.3000000e+001  3.9000000e+001  4.3000000e+001  3.9000000e+001  3.9000000e+001  3.9000000e+001  3.9000000e+001  3.9000000e+001  3.9000000e+001  3.9000000e+001  3.9000000e+001  3.5000000e+001  3.9000000e+001  3.9000000e+001  3.5000000e+001  3.5000000e+001
  4.3000000e+001  4.3000000e+001  4.3000000e+001  4.3000000e+001  4.3000000e+001  4.3000000e+001  4.3000000e+001  3.9000000e+001  3.9000000e+001  3.9000000e+001  3.9000000e+001  3.9000000e+001  3.9000000e+001  3.9000000e+001  3.9000000e+001  3.9000000e+001  3.5000000e+001  3.9000000e+001  3.9000000e+001  3.9000000e+001  3.9000000e+001  3.5000000e+001  3.5000000e+001
  4.3000000e+001  4.3000000e+001  4.3000000e+001  4.3000000e+001  4.3000000e+001  4.3000000e+001  3.9000000e+001  3.9000000e+001  3.9000000e+001  3.9000000e+001  3.9000000e+001  3.9000000e+001  3.9000000e+001  3.9000000e+001  3.9000000e+001  3.9000000e+001  3.9000000e+001  3.9000000e+001  3.9000000e+001  3.9000000e+001  3.5000000e+001  3.5000000e+001  3.5000000e+001
  4.3000000e+001  4.3000000e+001  4.3000000e+001  4.3000000e+001  4.3000000e+001  4.3000000e+001  3.9000000e+001  4.3000000e+001  4.3000000e+001  3.9000000e+001  3.9000000e+001  3.9000000e+001  3.9000000e+001  3.9000000e+001  3.9000000e+001  3.9000000e+001  3.9000000e+001  3.9000000e+001  3.9000000e+001  3.5000000e+001  3.5000000e+001  3.5000000e+001  3.9000000e+001
  4.3000000e+001  4.3000000e+001  4.3000000e+001  4.3000000e+001  3.9000000e+001  4.3000000e+001  3.9000000e+001  3.9000000e+001  4.3000000e+001  3.9000000e+001  3.9000000e+001  3.9000000e+001  3.9000000e+001  3.9000000e+001  3.9000000e+001  3.9000000e+001  3.9000000e+001  3.9000000e+001  3.9000000e+001  3.9000000e+001  3.9000000e+001  3.9000000e+001  3.5000000e+001
  4.3000000e+001  4.3000000e+001  4.3000000e+001  4.3000000e+001  3.9000000e+001  3.9000000e+001  3.9000000e+001  3.9000000e+001  3.9000000e+001  3.9000000e+001  3.9000000e+001  3.9000000e+001  3.9000000e+001  3.9000000e+001  3.9000000e+001  3.9000000e+001  3.9000000e+001  3.9000000e+001  3.9000000e+001  3.5000000e+001  3.5000000e+001  3.5000000e+001  3.5000000e+001
  4.3000000e+001  4.3000000e+001  4.3000000e+001  4.3000000e+001  4.3000000e+001  4.3000000e+001  4.3000000e+001  4.3000000e+001  4.3000000e+001  3.9000000e+001  3.9000000e+001  3.9000000e+001  4.3000000e+001  3.9000000e+001  3.9000000e+001  3.9000000e+001  3.5000000e+001  3.9000000e+001  3.9000000e+001  3.5000000e+001  3.9000000e+001  3.9000000e+001  3.5000000e+001
  4.7000000e+001  4.7000000e+001  4.3000000e+001  4.3000000e+001  4.3000000e+001  4.3000000e+001  3.9000000e+001  3.9000000e+001  3.9000000e+001  3.9000000e+001  3.9000000e+001  3.9000000e+001  3.9000000e+001  3.9000000e+001  3.9000000e+001  3.9000000e+001  3.9000000e+001  3.9000000e+001  3.9000000e+001  3.9000000e+001  3.5000000e+001  3.5000000e+001  3.5000000e+001
  4.3000000e+001  4.3000000e+001  4.3000000e+001  4.3000000e+001  4.3000000e+001  4.3000000e+001  3.9000000e+001  4.3000000e+001  4.3000000e+001  3.9000000e+001  3.9000000e+001  3.9000000e+001  3.9000000e+001  3.9000000e+001  3.9000000e+001  3.9000000e+001  3.9000000e+001  3.9000000e+001  3.9000000e+001  3.9000000e+001  3.5000000e+001  3.5000000e+001  3.5000000e+001
  4.3000000e+001  4.3000000e+001  4.3000000e+001  4.3000000e+001  4.3000000e+001  4.3000000e+001  4.3000000e+001  4.3000000e+001  3.9000000e+001  3.9000000e+001  3.9000000e+001  3.9000000e+001  4.3000000e+001  3.9000000e+001  3.9000000e+001  3.9000000e+001  3.9000000e+001  3.9000000e+001  3.5000000e+001  3.9000000e+001  3.5000000e+001  3.5000000e+001  3.9000000e+001
  4.3000000e+001  4.3000000e+001  4.3000000e+001  4.3000000e+001  4.3000000e+001  4.3000000e+001  4.3000000e+001  4.3000000e+001  4.3000000e+001  4.3000000e+001  3.9000000e+001  3.9000000e+001  3.9000000e+001  3.9000000e+001  3.9000000e+001  3.9000000e+001  3.9000000e+001  3.9000000e+001  3.9000000e+001  3.5000000e+001  3.5000000e+001  3.9000000e+001  3.5000000e+001
  4.3000000e+001  4.7000000e+001  4.7000000e+001  4.3000000e+001  4.3000000e+001  4.3000000e+001  4.3000000e+001  4.3000000e+001  3.9000000e+001  3.9000000e+001  3.9000000e+001  3.9000000e+001  3.9000000e+001  3.9000000e+001  3.9000000e+001  3.9000000e+001  3.9000000e+001  3.9000000e+001  3.9000000e+001  3.5000000e+001  3.5000000e+001  3.5000000e+001  3.5000000e+001
  4.3000000e+001  4.3000000e+001  4.3000000e+001  4.3000000e+001  4.3000000e+001  4.3000000e+001  4.3000000e+001  4.3000000e+001  4.3000000e+001  3.9000000e+001  4.3000000e+001  3.9000000e+001  3.9000000e+001  3.9000000e+001  3.9000000e+001  3.9000000e+001  3.9000000e+001  3.9000000e+001  3.9000000e+001  3.9000000e+001  3.9000000e+001  3.9000000e+001  3.9000000e+001
  4.3000000e+001  4.3000000e+001  4.3000000e+001  4.3000000e+001  4.3000000e+001  4.3000000e+001  3.9000000e+001  4.3000000e+001  4.3000000e+001  4.3000000e+001  4.3000000e+001  4.3000000e+001  3.9000000e+001  3.9000000e+001  3.9000000e+001  3.9000000e+001  3.9000000e+001  3.5000000e+001  3.5000000e+001  3.9000000e+001  3.5000000e+001  3.5000000e+001  3.5000000e+001
