  1.0700000e+002  1.0700000e+002  1.0700000e+002  1.0700000e+002  1.0300000e+002  1.0300000e+002  1.0300000e+002  1.0300000e+002  1.0300000e+002  9.9000000e+001  9.9000000e+001  9.9000000e+001  9.9000000e+001  9.9000000e+001  9.9000000e+001  9.9000000e+001  9.5000000e+001  9.5000000e+001  9.5000000e+001  9.1000000e+001  9.1000000e+001  9.1000000e+001  9.1000000e+001
  1.0300000e+002  1.0700000e+002  1.0300000e+002  1.0300000e+002  1.0300000e+002  1.0300000e+002  1.0300000e+002  1.0300000e+002  1.0300000e+002  9.9000000e+001  9.9000000e+001  1.0300000e+002  9.9000000e+001  9.9000000e+001  9.9000000e+001  9.5000000e+001  9.5000000e+001  9.5000000e+001  9.5000000e+001  9.5000000e+001  9.5000000e+001  9.1000000e+001  9.1000000e+001
  1.0700000e+002  1.0700000e+002  1.0700000e+002  1.0700000e+002  1.0300000e+002  1.0700000e+002  1.0300000e+002  1.0300000e+002  1.0300000e+002  1.0300000e+002  1.0300000e+002  9.9000000e+001  9.9000000e+001  9.9000000e+001  9.9000000e+001  9.9000000e+001  9.5000000e+001  9.5000000e+001  9.5000000e+001  9.5000000e+001  9.5000000e+001  9.5000000e+001  9.1000000e+001
  1.0700000e+002  1.0700000e+002  1.0700000e+002  1.0700000e+002  1.0300000e+002  1.0300000e+002  1.0300000e+002  1.0300000e+002  1.0300000e+002  1.0300000e+002  1.0300000e+002  9.9000000e+001  9.9000000e+001  9.9000000e+001  9.9000000e+001  9.9000000e+001  9.5000000e+001  9.5000000e+001  9.5000000e+001  9.5000000e+001  9.1000000e+001  9.1000000e+001  9.1000000e+001
  1.0700000e+002  1.0700000e+002  1.0700000e+002  1.0700000e+002  1.0300000e+002  1.0300000e+002  1.0300000e+002  1.0300000e+002  1.0300000e+002  1.0300000e+002  9.9000000e+001  9.9000000e+001  9.9000000e+001  9.9000000e+001  9.9000000e+001  9.9000000e+001  9.5000000e+001  9.9000000e+001  9.9000000e+001  9.5000000e+001  9.5000000e+001  9.1000000e+001  9.1000000e+001
  1.0700000e+002  1.0700000e+002  1.0700000e+002  1.0700000e+002  1.0300000e+002  1.0700000e+002  1.0700000e+002  1.0300000e+002  1.0300000e+002  1.0300000e+002  9.9000000e+001  9.9000000e+001  9.9000000e+001  9.9000000e+001  9.9000000e+001  9.9000000e+001  9.5000000e+001  9.9000000e+001  9.5000000e+001  9.5000000e+001  9.5000000e+001  9.5000000e+001  9.1000000e+001
  1.0700000e+002  1.0700000e+002  1.0700000e+002  1.0700000e+002  1.0700000e+002  1.0300000e+002  1.0300000e+002  1.0300000e+002  1.0300000e+002  1.0300000e+002  1.0300000e+002  9.9000000e+001  9.9000000e+001  9.9000000e+001  9.9000000e+001  9.9000000e+001  9.9000000e+001  9.5000000e+001  9.5000000e+001  9.5000000e+001  9.5000000e+001  9.5000000e+001  9.1000000e+001
  1.0700000e+002  1.1100000e+002  1.0700000e+002  1.0700000e+002  1.0700000e+002  1.0700000e+002  1.0300000e+002  1.0700000e+002  1.0300000e+002  1.0300000e+002  1.0300000e+002  9.9000000e+001  9.9000000e+001  9.9000000e+001  9.9000000e+001  9.9000000e+001  9.9000000e+001  9.5000000e+001  9.5000000e+001  9.5000000e+001  9.5000000e+001  9.5000000e+001  9.5000000e+001
  1.0700000e+002  1.0700000e+002  1.0700000e+002  1.0700000e+002  1.0700000e+002  1.0700000e+002  1.0300000e+002  1.0300000e+002  1.0300000e+002  1.0300000e+002  1.0300000e+002  9.9000000e+001  9.9000000e+001  9.9000000e+001  9.9000000e+001  9.9000000e+001  9.9000000e+001  9.9000000e+001  9.5000000e+001  9.5000000e+001  9.5000000e+001  9.5000000e+001  9.5000000e+001
  1.1100000e+002  1.0700000e+002  1.0700000e+002  1.0700000e+002  1.0700000e+002  1.0700000e+002  1.0300000e+002  1.0700000e+002  1.0300000e+002  1.0300000e+002  1.0300000e+002  1.0300000e+002  1.0300000e+002  9.9000000e+001  9.9000000e+001  9.9000000e+001  9.5000000e+001  9.9000000e+001  9.9000000e+001  9.9000000e+001  9.5000000e+001  9.5000000e+001  9.5000000e+001
  1.1100000e+002  1.1100000e+002  1.0700000e+002  1.0700000e+002  1.0700000e+002  1.0700000e+002  1.0700000e+002  1.0700000e+002  1.0300000e+002  1.0300000e+002  1.0300000e+002  1.0300000e+002  1.0300000e+002  9.9000000e+001  9.9000000e+001  9.9000000e+001  9.9000000e+001  9.9000000e+001  9.5000000e+001  9.9000000e+001  9.5000000e+001  9.5000000e+001  9.5000000e+001
  1.1100000e+002  1.1100000e+002  1.0700000e+002  1.0700000e+002  1.0700000e+002  1.0700000e+002  1.0300000e+002  1.0300000e+002  1.0300000e+002  1.0300000e+002  1.0300000e+002  9.9000000e+001  9.9000000e+001  9.9000000e+001  9.9000000e+001  9.9000000e+001  9.9000000e+001  9.9000000e+001  9.9000000e+001  9.9000000e+001  9.5000000e+001  9.5000000e+001  9.5000000e+001
  1.1100000e+002  1.1100000e+002  1.0700000e+002  1.1100000e+002  1.0700000e+002  1.0700000e+002  1.0700000e+002  1.0700000e+002  1.0300000e+002  1.0300000e+002  1.0300000e+002  1.0300000e+002  1.0300000e+002  1.0300000e+002  1.0300000e+002  9.9000000e+001  9.9000000e+001  9.9000000e+001  9.9000000e+001  9.9000000e+001  9.5000000e+001  9.5000000e+001  9.5000000e+001
  1.1100000e+002  1.1100000e+002  1.0700000e+002  1.0700000e+002  1.0700000e+002  1.0700000e+002  1.0700000e+002  1.0300000e+002  1.0300000e+002  1.0300000e+002  1.0300000e+002  1.0300000e+002  1.0300000e+002  1.0300000e+002  9.9000000e+001  1.0300000e+002  9.9000000e+001  9.9000000e+001  9.9000000e+001  9.5000000e+001  9.5000000e+001  9.5000000e+001  9.5000000e+001
  1.1100000e+002  1.1100000e+002  1.1100000e+002  1.1100000e+002  1.0700000e+002  1.0700000e+002  1.0700000e+002  1.0700000e+002  1.0300000e+002  1.0300000e+002  1.0300000e+002  9.9000000e+001  9.9000000e+001  9.9000000e+001  9.9000000e+001  9.9000000e+001  9.9000000e+001  9.9000000e+001  9.5000000e+001  9.5000000e+001  9.5000000e+001  9.5000000e+001  9.5000000e+001
  1.1100000e+002  1.1100000e+002  1.0700000e+002  1.0700000e+002  1.0700000e+002  1.0700000e+002  1.0700000e+002  1.0300000e+002  1.0300000e+002  1.0300000e+002  1.0300000e+002  9.9000000e+001  1.0300000e+002  1.0300000e+002  9.9000000e+001  9.9000000e+001  9.9000000e+001  9.9000000e+001  9.9000000e+001  9.9000000e+001  9.5000000e+001  9.5000000e+001  9.1000000e+001
  1.1100000e+002  1.1100000e+002  1.0700000e+002  1.0700000e+002  1.0700000e+002  1.0700000e+002  1.0700000e+002  1.0300000e+002  1.0300000e+002  1.0300000e+002  1.0300000e+002  1.0300000e+002  1.0300000e+002  1.0300000e+002  9.9000000e+001  9.9000000e+001  9.9000000e+001  9.9000000e+001  9.5000000e+001  9.9000000e+001  9.5000000e+001  9.5000000e+001  9.5000000e+001
  1.1100000e+002  1.1100000e+002  1.0700000e+002  1.0700000e+002  1.0700000e+002  1.0700000e+002  1.0700000e+002  1.0700000e+002  1.0700000e+002  1.0300000e+002  1.0300000e+002  1.0300000e+002  1.0300000e+002  1.0300000e+002  9.9000000e+001  9.9000000e+001  9.9000000e+001  9.9000000e+001  9.9000000e+001  9.9000000e+001  9.5000000e+001  9.5000000e+001  9.5000000e+001
  1.1100000e+002  1.1100000e+002  1.0700000e+002  1.0700000e+002  1.0700000e+002  1.0700000e+002  1.0700000e+002  1.0300000e+002  1.0700000e+002  1.0300000e+002  1.0300000e+002  1.0300000e+002  1.0300000e+002  1.0300000e+002  9.9000000e+001  9.9000000e+001  9.9000000e+001  9.9000000e+001  9.9000000e+001  9.9000000e+001  9.5000000e+001  9.5000000e+001  9.5000000e+001
  1.1100000e+002  1.1100000e+002  1.1100000e+002  1.1100000e+002  1.0700000e+002  1.0700000e+002  1.0700000e+002  1.0700000e+002  1.0300000e+002  1.0300000e+002  1.0300000e+002  1.0300000e+002  1.0300000e+002  1.0300000e+002  1.0300000e+002  9.9000000e+001  9.9000000e+001  9.9000000e+001  9.9000000e+001  9.9000000e+001  9.9000000e+001  9.9000000e+001  9.5000000e+001
  1.1100000e+002  1.1100000e+002  1.1100000e+002  1.1100000e+002  1.0700000e+002  1.1100000e+002  1.0700000e+002  1.0700000e+002  1.0700000e+002  1.0300000e+002  1.0300000e+002  1.0300000e+002  1.0300000e+002  1.0300000e+002  9.9000000e+001  1.0300000e+002  1.0300000e+002  9.9000000e+001  9.9000000e+001  9.9000000e+001  9.9000000e+001  9.5000000e+001  9.5000000e+001
  1.1500000e+002  1.1100000e+002  1.1100000e+002  1.1100000e+002  1.0700000e+002  1.0700000e+002  1.0700000e+002  1.0700000e+002  1.0700000e+002  1.0700000e+002  1.0700000e+002  1.0300000e+002  1.0300000e+002  1.0300000e+002  1.0300000e+002  9.9000000e+001  9.9000000e+001  9.9000000e+001  9.9000000e+001  9.9000000e+001  9.9000000e+001  9.9000000e+001  9.5000000e+001
  1.1100000e+002  1.1100000e+002  1.1100000e+002  1.1100000e+002  1.1100000e+002  1.0700000e+002  1.0700000e+002  1.0700000e+002  1.0700000e+002  1.0700000e+002  1.0700000e+002  1.0300000e+002  1.0300000e+002  1.0300000e+002  1.0300000e+002  1.0300000e+002  1.0300000e+002  1.0300000e+002  9.9000000e+001  9.9000000e+001  9.9000000e+001  9.9000000e+001  9.5000000e+001
