  1.3500000e+002  1.3100000e+002  1.3100000e+002  1.3100000e+002  1.3100000e+002  1.3100000e+002  1.3100000e+002  1.2700000e+002  1.2700000e+002  1.2700000e+002  1.2700000e+002  1.2300000e+002  1.2300000e+002  1.2300000e+002  1.2300000e+002  1.2300000e+002  1.2300000e+002  1.1900000e+002  1.1900000e+002  1.1900000e+002  1.1900000e+002  1.1900000e+002  1.1500000e+002
  1.3500000e+002  1.3500000e+002  1.3100000e+002  1.3100000e+002  1.3100000e+002  1.2700000e+002  1.2700000e+002  1.2700000e+002  1.2700000e+002  1.2700000e+002  1.2300000e+002  1.2700000e+002  1.2300000e+002  1.2300000e+002  1.2300000e+002  1.2300000e+002  1.2300000e+002  1.2300000e+002  1.2300000e+002  1.2300000e+002  1.1900000e+002  1.1900000e+002  1.1500000e+002
  1.3100000e+002  1.3500000e+002  1.3100000e+002  1.3100000e+002  1.3100000e+002  1.3100000e+002  1.3100000e+002  1.2700000e+002  1.3100000e+002  1.2700000e+002  1.2700000e+002  1.2700000e+002  1.2700000e+002  1.2300000e+002  1.2300000e+002  1.2300000e+002  1.1900000e+002  1.2300000e+002  1.2300000e+002  1.1900000e+002  1.1900000e+002  1.1900000e+002  1.1500000e+002
  1.3500000e+002  1.3100000e+002  1.3100000e+002  1.3100000e+002  1.3100000e+002  1.3100000e+002  1.3100000e+002  1.3100000e+002  1.2700000e+002  1.2700000e+002  1.2700000e+002  1.2700000e+002  1.2700000e+002  1.2300000e+002  1.2300000e+002  1.2300000e+002  1.2300000e+002  1.2300000e+002  1.2300000e+002  1.1900000e+002  1.1900000e+002  1.1900000e+002  1.1900000e+002
  1.3500000e+002  1.3100000e+002  1.3100000e+002  1.3100000e+002  1.3100000e+002  1.3100000e+002  1.3100000e+002  1.2700000e+002  1.2700000e+002  1.2700000e+002  1.2700000e+002  1.2700000e+002  1.2300000e+002  1.2700000e+002  1.2300000e+002  1.2300000e+002  1.2300000e+002  1.1900000e+002  1.2300000e+002  1.1900000e+002  1.1900000e+002  1.1900000e+002  1.1900000e+002
  1.3500000e+002  1.3500000e+002  1.3500000e+002  1.3100000e+002  1.3100000e+002  1.3100000e+002  1.3100000e+002  1.3100000e+002  1.2700000e+002  1.2700000e+002  1.2700000e+002  1.2700000e+002  1.2300000e+002  1.2300000e+002  1.2300000e+002  1.2300000e+002  1.2300000e+002  1.1900000e+002  1.1900000e+002  1.1900000e+002  1.1900000e+002  1.1900000e+002  1.1900000e+002
  1.3500000e+002  1.3500000e+002  1.3500000e+002  1.3500000e+002  1.3500000e+002  1.3100000e+002  1.3100000e+002  1.3100000e+002  1.2700000e+002  1.2700000e+002  1.2700000e+002  1.2700000e+002  1.2700000e+002  1.2700000e+002  1.2300000e+002  1.2300000e+002  1.2300000e+002  1.2300000e+002  1.1900000e+002  1.1900000e+002  1.1900000e+002  1.1900000e+002  1.1900000e+002
  1.3500000e+002  1.3500000e+002  1.3500000e+002  1.3100000e+002  1.3500000e+002  1.3100000e+002  1.3100000e+002  1.3100000e+002  1.3100000e+002  1.2700000e+002  1.2700000e+002  1.2700000e+002  1.2700000e+002  1.2700000e+002  1.2300000e+002  1.2300000e+002  1.2300000e+002  1.2300000e+002  1.2300000e+002  1.2300000e+002  1.2300000e+002  1.1900000e+002  1.1900000e+002
  1.3500000e+002  1.3500000e+002  1.3500000e+002  1.3100000e+002  1.3500000e+002  1.3100000e+002  1.3100000e+002  1.3100000e+002  1.3100000e+002  1.2700000e+002  1.3100000e+002  1.3100000e+002  1.2700000e+002  1.2700000e+002  1.2300000e+002  1.2300000e+002  1.2300000e+002  1.2300000e+002  1.1900000e+002  1.2300000e+002  1.2300000e+002  1.1900000e+002  1.1900000e+002
  1.3500000e+002  1.3500000e+002  1.3100000e+002  1.3100000e+002  1.3100000e+002  1.3100000e+002  1.3100000e+002  1.3100000e+002  1.3100000e+002  1.2700000e+002  1.3100000e+002  1.2700000e+002  1.2700000e+002  1.2700000e+002  1.2300000e+002  1.2300000e+002  1.2300000e+002  1.2300000e+002  1.2300000e+002  1.1900000e+002  1.1900000e+002  1.1900000e+002  1.1900000e+002
  1.3900000e+002  1.3900000e+002  1.3500000e+002  1.3500000e+002  1.3500000e+002  1.3100000e+002  1.3100000e+002  1.3100000e+002  1.3100000e+002  1.2700000e+002  1.3100000e+002  1.3100000e+002  1.2300000e+002  1.2700000e+002  1.2700000e+002  1.2300000e+002  1.2300000e+002  1.2300000e+002  1.2300000e+002  1.2300000e+002  1.1900000e+002  1.1900000e+002  1.1500000e+002
  1.3900000e+002  1.3500000e+002  1.3500000e+002  1.3500000e+002  1.3100000e+002  1.3100000e+002  1.3100000e+002  1.3100000e+002  1.3100000e+002  1.2700000e+002  1.2700000e+002  1.2700000e+002  1.2700000e+002  1.2300000e+002  1.2300000e+002  1.2300000e+002  1.2300000e+002  1.2300000e+002  1.2300000e+002  1.1900000e+002  1.1900000e+002  1.1900000e+002  1.1900000e+002
  1.3900000e+002  1.3900000e+002  1.3500000e+002  1.3500000e+002  1.3500000e+002  1.3100000e+002  1.3100000e+002  1.3100000e+002  1.3100000e+002  1.3100000e+002  1.2700000e+002  1.3100000e+002  1.2700000e+002  1.2700000e+002  1.2700000e+002  1.2300000e+002  1.2300000e+002  1.2300000e+002  1.2300000e+002  1.2300000e+002  1.2300000e+002  1.1900000e+002  1.1900000e+002
  1.3900000e+002  1.3900000e+002  1.3500000e+002  1.3500000e+002  1.3500000e+002  1.3500000e+002  1.3500000e+002  1.3100000e+002  1.3100000e+002  1.3100000e+002  1.2700000e+002  1.2700000e+002  1.2700000e+002  1.2300000e+002  1.2700000e+002  1.2700000e+002  1.2300000e+002  1.2300000e+002  1.2300000e+002  1.2300000e+002  1.2300000e+002  1.2300000e+002  1.1900000e+002
  1.3900000e+002  1.3900000e+002  1.3500000e+002  1.3500000e+002  1.3500000e+002  1.3500000e+002  1.3500000e+002  1.3100000e+002  1.3100000e+002  1.3100000e+002  1.2700000e+002  1.2700000e+002  1.2700000e+002  1.2700000e+002  1.2700000e+002  1.2700000e+002  1.2300000e+002  1.2300000e+002  1.2300000e+002  1.2300000e+002  1.2300000e+002  1.2300000e+002  1.1900000e+002
  1.3500000e+002  1.3500000e+002  1.3500000e+002  1.3500000e+002  1.3500000e+002  1.3100000e+002  1.3100000e+002  1.3100000e+002  1.3100000e+002  1.2700000e+002  1.2700000e+002  1.2700000e+002  1.2700000e+002  1.2700000e+002  1.2700000e+002  1.2300000e+002  1.2300000e+002  1.2300000e+002  1.2300000e+002  1.2300000e+002  1.1900000e+002  1.1900000e+002  1.1900000e+002
  1.3900000e+002  1.3900000e+002  1.3500000e+002  1.3500000e+002  1.3500000e+002  1.3500000e+002  1.3100000e+002  1.3100000e+002  1.3100000e+002  1.3100000e+002  1.2700000e+002  1.2700000e+002  1.2700000e+002  1.2700000e+002  1.2700000e+002  1.2700000e+002  1.2300000e+002  1.2300000e+002  1.2300000e+002  1.2300000e+002  1.2300000e+002  1.1900000e+002  1.1900000e+002
  1.3900000e+002  1.3500000e+002  1.3900000e+002  1.3100000e+002  1.3100000e+002  1.3100000e+002  1.3100000e+002  1.3100000e+002  1.3100000e+002  1.3100000e+002  1.2700000e+002  1.2700000e+002  1.2700000e+002  1.2700000e+002  1.2700000e+002  1.2300000e+002  1.2300000e+002  1.2300000e+002  1.2300000e+002  1.2300000e+002  1.1900000e+002  1.1900000e+002  1.1900000e+002
  1.3900000e+002  1.3500000e+002  1.3500000e+002  1.3500000e+002  1.3500000e+002  1.3100000e+002  1.3100000e+002  1.3100000e+002  1.3100000e+002  1.3100000e+002  1.3100000e+002  1.2700000e+002  1.2700000e+002  1.2700000e+002  1.2700000e+002  1.2700000e+002  1.2700000e+002  1.2300000e+002  1.2300000e+002  1.2300000e+002  1.1900000e+002  1.1900000e+002  1.1900000e+002
  1.3900000e+002  1.3900000e+002  1.3500000e+002  1.3500000e+002  1.3500000e+002  1.3500000e+002  1.3500000e+002  1.3100000e+002  1.3100000e+002  1.3100000e+002  1.2700000e+002  1.3100000e+002  1.2700000e+002  1.2700000e+002  1.2700000e+002  1.2700000e+002  1.2300000e+002  1.2300000e+002  1.2300000e+002  1.2300000e+002  1.2300000e+002  1.2300000e+002  1.1900000e+002
  1.3900000e+002  1.3900000e+002  1.3900000e+002  1.3500000e+002  1.3500000e+002  1.3500000e+002  1.3500000e+002  1.3100000e+002  1.3100000e+002  1.3100000e+002  1.3100000e+002  1.3100000e+002  1.3100000e+002  1.2700000e+002  1.2700000e+002  1.2700000e+002  1.2700000e+002  1.2300000e+002  1.2300000e+002  1.2300000e+002  1.2300000e+002  1.2300000e+002  1.1900000e+002
  1.3900000e+002  1.3900000e+002  1.3900000e+002  1.3500000e+002  1.3500000e+002  1.3500000e+002  1.3500000e+002  1.3500000e+002  1.3100000e+002  1.3100000e+002  1.3100000e+002  1.3100000e+002  1.2700000e+002  1.2700000e+002  1.2700000e+002  1.2700000e+002  1.2700000e+002  1.2300000e+002  1.2300000e+002  1.2300000e+002  1.2300000e+002  1.2300000e+002  1.1900000e+002
  1.3900000e+002  1.3900000e+002  1.3500000e+002  1.3500000e+002  1.3500000e+002  1.3500000e+002  1.3500000e+002  1.3500000e+002  1.3500000e+002  1.3500000e+002  1.3100000e+002  1.2700000e+002  1.2700000e+002  1.3100000e+002  1.2700000e+002  1.2700000e+002  1.2700000e+002  1.2300000e+002  1.2700000e+002  1.2300000e+002  1.2300000e+002  1.2300000e+002  1.2300000e+002
