  2.7000000e+001  2.7000000e+001  2.7000000e+001  2.7000000e+001  2.7000000e+001  2.7000000e+001  2.3000000e+001  2.7000000e+001  2.7000000e+001  2.7000000e+001  2.3000000e+001  2.7000000e+001  2.3000000e+001  2.7000000e+001  2.7000000e+001  2.7000000e+001  2.3000000e+001  2.7000000e+001  2.7000000e+001  2.3000000e+001  2.3000000e+001  2.3000000e+001  2.3000000e+001
  2.3000000e+001  2.3000000e+001  2.3000000e+001  2.3000000e+001  2.3000000e+001  2.3000000e+001  2.3000000e+001  2.3000000e+001  2.3000000e+001  2.3000000e+001  2.7000000e+001  2.7000000e+001  2.7000000e+001  2.7000000e+001  2.3000000e+001  2.3000000e+001  2.3000000e+001  2.3000000e+001  2.3000000e+001  2.3000000e+001  2.3000000e+001  2.3000000e+001  2.3000000e+001
  2.7000000e+001  2.7000000e+001  2.7000000e+001  2.7000000e+001  2.7000000e+001  2.7000000e+001  2.7000000e+001  2.7000000e+001  2.3000000e+001  2.7000000e+001  2.7000000e+001  2.3000000e+001  2.3000000e+001  2.3000000e+001  2.3000000e+001  2.3000000e+001  2.3000000e+001  2.7000000e+001  2.3000000e+001  2.3000000e+001  2.3000000e+001  2.3000000e+001  2.3000000e+001
  2.3000000e+001  2.3000000e+001  2.3000000e+001  2.3000000e+001  2.3000000e+001  2.3000000e+001  2.7000000e+001  2.7000000e+001  2.3000000e+001  2.3000000e+001  2.3000000e+001  2.3000000e+001  2.3000000e+001  2.3000000e+001  2.3000000e+001  2.3000000e+001  2.3000000e+001  2.3000000e+001  2.3000000e+001  2.3000000e+001  2.3000000e+001  2.3000000e+001  2.3000000e+001
  2.7000000e+001  2.7000000e+001  2.7000000e+001  2.7000000e+001  2.7000000e+001  2.7000000e+001  2.7000000e+001  2.7000000e+001  2.7000000e+001  2.3000000e+001  2.3000000e+001  2.3000000e+001  2.3000000e+001  2.3000000e+001  2.3000000e+001  2.3000000e+001  2.3000000e+001  2.7000000e+001  2.3000000e+001  2.3000000e+001  2.3000000e+001  2.3000000e+001  2.3000000e+001
  2.7000000e+001  2.3000000e+001  2.7000000e+001  2.7000000e+001  2.7000000e+001  2.7000000e+001  2.7000000e+001  2.7000000e+001  2.7000000e+001  2.3000000e+001  2.3000000e+001  2.3000000e+001  2.3000000e+001  2.3000000e+001  2.3000000e+001  2.3000000e+001  2.3000000e+001  2.3000000e+001  2.3000000e+001  2.3000000e+001  2.3000000e+001  2.7000000e+001  2.7000000e+001
  2.7000000e+001  2.7000000e+001  2.7000000e+001  2.7000000e+001  2.7000000e+001  2.7000000e+001  2.7000000e+001  2.3000000e+001  2.3000000e+001  2.3000000e+001  2.3000000e+001  2.3000000e+001  2.7000000e+001  2.3000000e+001  2.3000000e+001  2.7000000e+001  2.3000000e+001  2.7000000e+001  2.3000000e+001  2.3000000e+001  2.7000000e+001  2.3000000e+001  2.3000000e+001
  2.7000000e+001  2.7000000e+001  2.7000000e+001  2.7000000e+001  2.7000000e+001  2.7000000e+001  2.7000000e+001  2.7000000e+001  2.7000000e+001  2.7000000e+001  2.7000000e+001  2.3000000e+001  2.3000000e+001  2.7000000e+001  2.7000000e+001  2.3000000e+001  2.3000000e+001  2.3000000e+001  2.7000000e+001  2.7000000e+001  2.3000000e+001  2.7000000e+001  2.3000000e+001
  2.3000000e+001  2.3000000e+001  2.3000000e+001  2.3000000e+001  2.3000000e+001  2.7000000e+001  2.3000000e+001  2.7000000e+001  2.3000000e+001  2.3000000e+001  2.7000000e+001  2.3000000e+001  2.3000000e+001  2.3000000e+001  2.3000000e+001  2.3000000e+001  2.3000000e+001  2.3000000e+001  2.3000000e+001  2.3000000e+001  2.3000000e+001  2.3000000e+001  2.3000000e+001
  2.7000000e+001  2.7000000e+001  2.7000000e+001  2.7000000e+001  2.7000000e+001  2.7000000e+001  2.3000000e+001  2.7000000e+001  2.7000000e+001  2.7000000e+001  2.7000000e+001  2.7000000e+001  2.3000000e+001  2.3000000e+001  2.3000000e+001  2.3000000e+001  2.3000000e+001  2.3000000e+001  2.3000000e+001  2.3000000e+001  2.7000000e+001  2.3000000e+001  2.3000000e+001
  2.7000000e+001  2.7000000e+001  2.7000000e+001  2.7000000e+001  2.7000000e+001  2.7000000e+001  2.7000000e+001  2.7000000e+001  2.7000000e+001  2.3000000e+001  2.3000000e+001  2.3000000e+001  2.3000000e+001  2.3000000e+001  2.3000000e+001  2.3000000e+001  2.3000000e+001  2.3000000e+001  2.3000000e+001  2.3000000e+001  2.3000000e+001  2.3000000e+001  2.7000000e+001
  2.7000000e+001  2.7000000e+001  2.7000000e+001  2.7000000e+001  2.7000000e+001  2.7000000e+001  2.7000000e+001  2.7000000e+001  2.7000000e+001  2.7000000e+001  2.3000000e+001  2.3000000e+001  2.3000000e+001  2.3000000e+001  2.3000000e+001  2.3000000e+001  2.7000000e+001  2.7000000e+001  2.3000000e+001  2.3000000e+001  2.3000000e+001  2.3000000e+001  2.3000000e+001
  2.7000000e+001  2.7000000e+001  2.3000000e+001  2.7000000e+001  2.3000000e+001  2.3000000e+001  2.3000000e+001  2.3000000e+001  2.3000000e+001  2.3000000e+001  2.3000000e+001  2.7000000e+001  2.3000000e+001  2.7000000e+001  2.3000000e+001  2.7000000e+001  2.7000000e+001  2.7000000e+001  2.7000000e+001  2.7000000e+001  2.7000000e+001  2.7000000e+001  2.3000000e+001
  2.7000000e+001  2.7000000e+001  2.7000000e+001  2.7000000e+001  2.7000000e+001  2.7000000e+001  2.7000000e+001  2.7000000e+001  2.3000000e+001  2.3000000e+001  2.3000000e+001  2.3000000e+001  2.3000000e+001  2.7000000e+001  2.3000000e+001  2.7000000e+001  2.3000000e+001  2.7000000e+001  2.3000000e+001  2.3000000e+001  2.3000000e+001  2.7000000e+001  2.3000000e+001
  2.3000000e+001  2.7000000e+001  2.7000000e+001  2.7000000e+001  2.3000000e+001  2.7000000e+001  2.7000000e+001  2.7000000e+001  2.7000000e+001  2.7000000e+001  2.7000000e+001  2.7000000e+001  2.7000000e+001  2.7000000e+001  2.7000000e+001  2.7000000e+001  2.3000000e+001  2.7000000e+001  2.7000000e+001  2.7000000e+001  2.7000000e+001  2.3000000e+001  2.3000000e+001
  2.7000000e+001  2.7000000e+001  2.7000000e+001  2.7000000e+001  2.7000000e+001  2.7000000e+001  2.7000000e+001  2.7000000e+001  2.7000000e+001  2.7000000e+001  2.3000000e+001  2.3000000e+001  2.3000000e+001  2.3000000e+001  2.3000000e+001  2.3000000e+001  2.3000000e+001  2.7000000e+001  2.3000000e+001  2.3000000e+001  2.3000000e+001  2.3000000e+001  2.3000000e+001
  2.3000000e+001  2.7000000e+001  2.7000000e+001  2.7000000e+001  2.7000000e+001  2.3000000e+001  2.3000000e+001  2.7000000e+001  2.3000000e+001  2.3000000e+001  2.3000000e+001  2.3000000e+001  2.3000000e+001  2.7000000e+001  2.3000000e+001  2.7000000e+001  2.3000000e+001  2.3000000e+001  2.3000000e+001  2.3000000e+001  2.3000000e+001  2.3000000e+001  2.3000000e+001
  2.3000000e+001  2.3000000e+001  2.3000000e+001  2.7000000e+001  2.7000000e+001  2.7000000e+001  2.7000000e+001  2.7000000e+001  2.7000000e+001  2.3000000e+001  2.7000000e+001  2.7000000e+001  2.7000000e+001  2.7000000e+001  2.7000000e+001  2.7000000e+001  2.3000000e+001  2.7000000e+001  2.3000000e+001  2.7000000e+001  2.3000000e+001  2.3000000e+001  2.7000000e+001
  2.7000000e+001  2.7000000e+001  2.7000000e+001  2.7000000e+001  2.7000000e+001  2.7000000e+001  2.7000000e+001  2.3000000e+001  2.7000000e+001  2.7000000e+001  2.7000000e+001  2.3000000e+001  2.7000000e+001  2.3000000e+001  2.3000000e+001  2.3000000e+001  2.3000000e+001  2.3000000e+001  2.3000000e+001  2.7000000e+001  2.7000000e+001  2.7000000e+001  2.7000000e+001
  2.7000000e+001  2.7000000e+001  2.3000000e+001  2.7000000e+001  2.3000000e+001  2.7000000e+001  2.3000000e+001  2.3000000e+001  2.3000000e+001  2.3000000e+001  2.7000000e+001  2.3000000e+001  2.7000000e+001  2.7000000e+001  2.3000000e+001  2.3000000e+001  2.3000000e+001  2.3000000e+001  2.3000000e+001  2.3000000e+001  2.3000000e+001  2.3000000e+001  2.3000000e+001
  2.7000000e+001  2.7000000e+001  2.7000000e+001  2.7000000e+001  2.7000000e+001  2.3000000e+001  2.7000000e+001  2.7000000e+001  2.7000000e+001  2.3000000e+001  2.3000000e+001  2.7000000e+001  2.3000000e+001  2.7000000e+001  2.3000000e+001  2.3000000e+001  2.3000000e+001  2.3000000e+001  2.3000000e+001  2.3000000e+001  2.3000000e+001  2.3000000e+001  2.3000000e+001
  2.7000000e+001  2.7000000e+001  2.7000000e+001  2.7000000e+001  2.7000000e+001  2.7000000e+001  2.7000000e+001  2.7000000e+001  2.7000000e+001  2.7000000e+001  2.7000000e+001  2.3000000e+001  2.7000000e+001  2.7000000e+001  2.3000000e+001  2.7000000e+001  2.3000000e+001  2.7000000e+001  2.3000000e+001  2.7000000e+001  2.3000000e+001  2.3000000e+001  2.3000000e+001
  2.3000000e+001  2.7000000e+001  2.7000000e+001  2.7000000e+001  2.7000000e+001  2.7000000e+001  2.7000000e+001  2.7000000e+001  2.7000000e+001  2.7000000e+001  2.3000000e+001  2.3000000e+001  2.7000000e+001  2.7000000e+001  2.7000000e+001  2.3000000e+001  2.3000000e+001  2.3000000e+001  2.3000000e+001  2.3000000e+001  2.3000000e+001  2.3000000e+001  2.3000000e+001
